#Reference pose of PRENSILIA Hand wrt specified poses 
#Joints order middle, ring, little, thumb, thumb_o 
238 254 254 0 0 
Invalid sign U received! 
127 127 71 128 66 
184 254 254 254 0 
237 254 254 0 0 
237 254 254 255 253 
Invalid sign M received! 
0 0 254 255 0 
238 255 254 19 0 
127 127 71 128 66 
238 254 254 254 135 
Invalid sign Q received! 
69 1 254 255 0 
238 255 254 19 136 
237 254 116 254 254 
Invalid sign E received! 
238 254 254 254 0 
0 2 115 255 1 
238 254 254 254 136 
238 254 254 0 136 
0 0 0 255 0 
0 254 254 254 0 
0 0 116 183 186 
Invalid sign T received! 
0 0 116 183 186 
238 254 254 16 136 
1 0 254 255 0 
Invalid sign E received! 
1 255 254 255 253 
1 254 254 255 1 
1 254 254 255 255 
131 127 71 128 66 
238 254 115 0 0 
Invalid sign P1 received! 
237 255 254 254 0 
238 254 254 255 255 
237 254 115 254 255 
238 254 254 0 1 
0 0 115 255 1 
238 254 254 255 255 
238 254 115 0 2 
238 254 115 0 2 
238 254 254 0 2 
Invalid sign R received! 
238 254 254 0 2 
238 254 254 0 2 
Invalid sign T received! 
127 127 72 191 130 
0 0 254 255 0 
Invalid sign P1 received! 
238 254 254 254 1 
238 254 254 4 1 
127 127 71 191 130 
69 0 254 254 253 
238 255 254 254 1 
238 254 254 254 254 
183 255 254 254 224 
128 127 71 191 127 
238 254 254 0 1 
127 127 71 191 130 
239 254 115 254 0 
0 0 254 255 0 
238 255 254 254 0 
238 254 254 0 0 
0 254 254 255 0 
0 254 254 255 1 
0 254 255 255 254 
0 0 0 183 183 
128 128 71 128 66 
128 127 71 127 66 
237 254 254 255 0 
237 255 251 254 67 
69 1 254 255 1 
Invalid sign T received! 
238 254 254 254 1 
Invalid sign T received! 
0 0 0 255 1 
238 255 254 0 0 
238 254 254 255 1 
0 0 254 255 0 
238 254 254 254 0 
69 0 116 183 186 
Invalid sign T received! 
238 254 254 255 255 
0 0 115 255 0 
131 128 72 191 130 
0 254 254 254 255 
128 127 71 192 126 
0 0 254 255 0 
238 254 254 255 1 
238 255 0 254 227 
235 252 254 255 0 
0 254 254 255 0 
238 254 254 255 0 
Invalid sign Q received! 
0 0 0 255 255 
237 1 254 255 255 
0 0 115 255 1 
Invalid sign U received! 
131 128 71 191 130 
0 0 115 183 186 
127 255 254 254 254 
127 255 254 255 0 
0 1 115 255 1 
238 255 254 19 136 
238 254 254 19 136 
238 255 254 19 136 
0 0 254 255 0 
238 254 254 254 135 
239 254 254 0 135 
0 0 115 183 186 
238 254 254 255 0 
0 0 0 183 186 
238 255 254 254 254 
238 254 254 254 0 
69 0 115 183 186 
238 254 115 19 136 
238 254 115 19 136 
Invalid sign P1 received! 
238 254 254 19 136 
238 254 254 255 136 
239 254 254 0 136 
238 254 254 0 136 
238 254 254 255 0 
238 254 254 19 136 
0 254 254 255 0 
128 127 71 191 130 
128 127 71 192 130 
128 127 71 128 66 
128 127 72 128 66 
0 0 254 255 1 
239 254 0 255 0 
238 254 0 254 254 
239 254 0 254 0 
69 0 254 255 1 
238 255 254 254 1 
239 254 254 255 0 
0 0 0 183 186 
238 255 254 254 254 
69 0 254 255 0 
238 254 0 254 0 
Invalid sign T received! 
238 254 254 19 0 
Invalid sign Q received! 
128 127 72 192 130 
238 254 254 255 0 
69 1 0 255 1 
127 128 71 191 130 
238 254 0 254 255 
69 0 0 183 186 
69 0 0 184 186 
Invalid sign U received! 
237 252 0 250 252 
239 254 254 0 133 
127 127 71 128 66 
127 127 72 191 130 
238 254 254 255 0 
0 0 0 183 188 
Invalid sign S2 received! 
Invalid sign E received! 
