#Reference pose of PRENSILIA Hand wrt specified poses 
#Joints order middle, ring, little, thumb, thumb_o 
128 127 71 191 130 
0 254 254 254 0 
128 127 71 128 66 
Invalid sign P1 received! 
0 0 115 255 0 
128 128 71 191 130 
128 127 71 192 130 
Invalid sign U received! 
0 0 115 255 1 
238 254 254 254 0 
Invalid sign U received! 
238 254 254 2 0 
238 254 254 255 0 
69 1 115 255 1 
237 254 254 254 254 
238 254 254 1 2 
238 254 254 1 2 
237 254 254 2 249 
0 0 115 255 1 
Invalid sign T received! 
0 0 115 184 186 
131 128 71 192 130 
0 0 0 183 186 
238 254 254 0 135 
237 255 254 254 254 
128 127 71 128 66 
128 127 71 191 130 
0 0 116 255 255 
Invalid sign P1 received! 
183 254 254 255 2 
238 254 254 255 2 
Invalid sign P1 received! 
237 254 254 255 0 
183 255 254 255 0 
239 254 254 0 0 
238 254 254 2 254 
0 115 0 183 186 
238 254 254 255 0 
131 254 254 254 0 
238 254 254 19 1 
238 254 115 254 0 
Invalid sign T received! 
Invalid sign N received! 
238 254 254 255 136 
69 0 0 184 186 
128 127 71 128 66 
238 254 0 254 255 
238 254 254 254 255 
238 254 254 255 254 
238 254 254 254 0 
239 254 0 0 1 
239 254 254 0 1 
0 115 0 183 186 
239 254 254 16 2 
239 255 254 16 2 
184 255 254 255 2 
128 127 71 191 129 
238 254 254 255 0 
239 254 254 254 0 
239 255 254 1 0 
Invalid sign E received! 
0 115 254 255 1 
238 254 254 255 1 
0 0 1 255 1 
238 254 254 255 1 
Invalid sign P1 received! 
Invalid sign E received! 
128 127 71 128 66 
0 115 115 183 186 
238 254 254 254 1 
Invalid sign T received! 
238 254 254 255 255 
237 252 254 0 172 
128 127 71 192 130 
1 0 115 183 186 
Invalid sign E received! 
1 0 254 255 0 
239 254 0 254 1 
Invalid sign M received! 
238 254 254 2 0 
8 115 254 255 1 
238 254 1 0 0 
0 254 254 255 1 
238 254 255 254 0 
69 115 0 183 186 
128 255 254 254 255 
Invalid sign T received! 
238 254 254 0 2 
238 254 254 255 255 
238 254 254 255 135 
239 254 254 255 135 
Invalid sign T received! 
239 254 254 1 135 
238 254 115 255 1 
239 255 254 1 136 
239 254 254 255 136 
69 254 254 255 0 
Invalid sign T received! 
238 254 254 255 0 
239 254 254 255 1 
128 127 71 127 216 
0 115 254 255 1 
0 115 0 255 1 
0 115 0 183 186 
128 254 254 255 0 
0 0 115 255 1 
238 254 254 254 1 
0 115 254 255 1 
0 254 254 254 1 
239 254 255 255 0 
238 254 254 255 1 
1 115 254 255 254 
238 254 254 255 1 
9 115 0 183 186 
128 127 71 192 130 
0 0 115 255 1 
0 0 115 183 186 
Invalid sign T received! 
183 254 254 255 1 
238 254 254 19 1 
239 254 254 19 1 
0 254 254 255 1 
238 254 254 254 255 
128 255 254 255 1 
0 254 254 255 1 
128 255 254 254 1 
239 254 254 19 1 
238 254 254 254 1 
0 1 115 255 1 
238 254 254 255 1 
Invalid sign R received! 
239 254 254 16 1 
239 254 254 16 1 
239 254 254 255 0 
128 127 72 127 66 
128 127 71 128 65 
0 115 254 254 1 
0 115 0 183 186 
239 254 254 0 0 
Invalid sign U received! 
239 254 254 0 0 
0 115 115 255 1 
239 254 254 0 0 
7 254 254 255 1 
238 254 254 255 134 
69 254 254 255 0 
127 127 71 127 64 
128 127 71 192 130 
239 254 254 255 0 
239 254 254 255 0 
239 254 254 254 0 
Invalid sign U received! 
238 254 254 255 2 
239 254 254 255 2 
184 255 254 254 2 
0 254 254 255 1 
Invalid sign E received! 
238 254 254 254 255 
239 254 254 0 2 
239 255 254 0 2 
