010001000000000110000000
010001000000011001000000
010001000000001010000000
010001000000001110000000
010001000000001110000000
010001000000010101001000
010001000000000100000000
010001000000011000000000
010001000000001000000000
010001000000001100000000
010001000000001100000000
010001000000010100000000
010001000000001011111111
010001000000001111111111
010001000000001111111111
010001000000010100000000
010001000000000111111111
010001000000011011111111
010001000000000100000000
010001000000011000000000
010001000000001000000000
010001000000001100000000
010001000000001100000000
010001000000010100000000
010001000000000100000000
010001000000011000000000
010001000000001000000000
010001000000001100000000
010001000000001100000000
010001000000010100000000
