#Reference pose of PRENSILIA Hand wrt specified poses 
#Joints order middle, ring, little, thumb, thumb_o 
0 0 0 184 186 
0 0 0 184 186 
Invalid sign Qreceived! 
0 0 254 255 254 
128 254 254 253 252 
Invalid sign Qreceived! 
Invalid sign Ereceived! 
128 128 71 128 65 
Invalid sign Ureceived! 
241 254 254 19 0 
Invalid sign S2received! 
Invalid sign Ureceived! 
69 0 115 183 186 
240 254 115 253 253 
242 254 115 1 0 
3 254 254 2 255 
Invalid sign Ereceived! 
Invalid sign Ureceived! 
128 254 254 254 253 
241 254 254 2 0 
1 115 116 255 255 
1 115 254 255 255 
128 128 71 191 130 
242 254 254 0 0 
128 254 254 254 254 
0 254 254 255 255 
242 254 254 0 0 
127 127 71 128 66 
242 254 254 19 0 
Invalid sign Rreceived! 
128 127 71 191 130 
241 254 254 254 255 
0 0 254 255 255 
0 254 254 254 255 
241 254 254 255 254 
128 127 71 191 130 
Invalid sign Treceived! 
241 254 254 254 0 
Invalid sign Rreceived! 
Invalid sign Treceived! 
Invalid sign Rreceived! 
242 254 254 5 0 
0 254 254 255 254 
0 0 254 255 255 
242 254 254 0 0 
69 254 254 254 254 
128 127 71 191 130 
242 254 254 254 0 
242 254 254 254 0 
242 254 254 19 0 
3 0 0 183 186 
Invalid sign P1received! 
241 1 254 254 253 
242 255 254 254 1 
242 255 0 19 1 
Invalid sign Ereceived! 
242 255 254 19 1 
242 255 115 19 1 
128 127 71 191 130 
242 254 254 254 0 
242 255 0 19 0 
128 128 71 191 130 
1 0 115 183 186 
242 254 254 254 0 
183 255 254 255 0 
184 255 254 255 0 
0 113 115 183 186 
241 254 115 254 253 
127 127 71 128 66 
242 254 254 254 0 
242 255 0 19 0 
184 255 254 255 0 
Invalid sign Treceived! 
1 113 115 183 186 
1 113 115 255 255 
242 254 254 19 136 
241 254 115 253 252 
1 0 115 184 186 
1 1 254 254 255 
242 255 254 255 1 
242 254 254 254 1 
242 254 254 255 1 
242 254 254 255 1 
127 127 71 191 130 
241 254 254 254 255 
0 0 115 255 254 
242 254 254 254 136 
128 255 254 254 253 
242 255 254 6 0 
128 127 71 191 130 
242 255 254 19 0 
241 255 254 19 0 
242 255 254 19 0 
128 127 71 128 66 
Invalid sign Treceived! 
241 254 254 254 0 
242 255 254 2 253 
242 255 254 19 0 
Invalid sign Qreceived! 
242 254 254 254 0 
1 254 254 255 255 
1 254 254 255 255 
127 128 71 128 66 
242 254 254 254 0 
242 255 254 19 0 
242 255 0 19 0 
1 0 0 183 186 
241 254 254 253 253 
242 254 115 255 254 
10 254 254 255 0 
242 254 254 255 0 
1 0 0 183 186 
241 255 0 19 2 
8 0 0 183 186 
8 254 254 254 0 
242 255 254 19 0 
69 0 0 183 186 
Invalid sign P1received! 
128 128 71 191 130 
Invalid sign P1received! 
Invalid sign Ureceived! 
241 254 254 253 253 
242 255 254 4 135 
128 127 71 191 130 
242 254 254 254 0 
128 128 71 128 66 
0 0 0 183 186 
240 1 254 254 252 
239 252 254 19 127 
128 127 72 127 125 
0 254 254 254 1 
Invalid sign Treceived! 
240 254 115 2 255 
240 255 254 0 0 
128 127 71 128 66 
Invalid sign Ureceived! 
2 0 115 183 186 
127 128 71 128 66 
3 0 254 255 0 
3 0 254 255 1 
240 254 254 254 1 
3 115 254 255 0 
127 127 71 191 130 
Invalid sign Treceived! 
3 0 254 255 0 
240 254 254 19 135 
Invalid sign Treceived! 
240 254 254 19 135 
240 254 254 253 135 
241 254 254 2 135 
241 254 254 2 135 
240 254 254 2 135 
Invalid sign Ereceived! 
240 254 254 255 135 
128 127 71 191 130 
240 254 254 19 136 
Invalid sign P1received! 
3 0 115 255 1 
240 1 254 254 0 
240 255 116 254 255 
